image: alpha_shape_nav2_map.pgm
mode: trinary
resolution: 0.05
origin: [-4.991230437997729, -20.04760564956814, 0.0]
negate: 0
occupied_thresh: 0.65
free_thresh: 0.25
